Credit: https://www.coindesk.com/data/
01-01-2023
BITCOIN
16510.66,16741.24,16713.27,16874.86,16820.58,16793.04,16934.48
ETHEREUM
1194.04,1214.08,1215.12,1252.24,1250.39,1247.77,1264.80
BINANCE
243.94,247.05,246.50,255.00,257.58,256.47,260.83
XRP
0.3368,0.3406,0.3487,0.3486,0.3440,0.3347,0.3420
CARDANO
0.2449,0.2554,0.2528,0.2662,0.2664,0.2718,0.2752
LITECOIN
69.36,74.93,75.72,76.58,75.25,73.33,75.90
DOGECOIN
0.0693,0.0720,0.0718,0.0725,0.0738,0.0709,0.0724
SOLANA
9.76,11.23,11.82,13.99,13.27,13.17,13.23
POLYGON
0.7527,0.7749,0.7835,0.8044,0.7994,0.7772,0.8017
POLKADOT
4.29,4.49,4.51,4.65,4.58,4.58,4.67